1.0 0.20351758793969849
0.0 0.09924623115577891
0.0 0.17462311557788945
0.6 0.09045226130653261
0.65 0.17964824120603018
0.2 0.08668341708542714
0.85 0.21482412060301506
0.05 0.10427135678391959
0.9 0.17964824120603015
0.2 0.08668341708542714
0.7 0.20979899497487436
0.65 0.1092964824120603
0.9 0.17713567839195976
0.8 0.07788944723618085
1.0 0.1984924623115578
0.9 0.10301507537688437
0.9 0.23241206030150754
0.6 0.11557788944723613
0.65 0.20477386934673367
0.05 0.10175879396984921
0.95 0.23241206030150752
0.95 0.11557788944723618
0.95 0.24120603015075376
0.9 0.12437185929648241
0.9 0.2236180904522613
0.35 0.11055276381909548
0.6 0.23366834170854267
0.9 0.12688442211055273
0.45 0.24748743718592964
0.35 0.11557788944723613
0.15 0.2675879396984925
0.8 0.14824120603015076
0.95 0.06658291457286432
0.2 0.08542713567839195
0.85 0.06909547738693467
0.9 0.06783919597989951
0.9 0.06155778894472362
1.0 0.07035175879396982
1.0 0.07160804020100503